<?xml version="1.0"?>
<opencv_storage>
<homography type_id="opencv-matrix">
  <rows>3</rows>
  <cols>3</cols>
  <dt>d</dt>
  <data>
    -6.2315893997757998e-01 -3.2849562979262649e-02
    4.9895102574881292e+02 3.2042418751538800e-03
    -6.7507681170672662e-01 3.7114554394277667e+02
    7.8361495063766800e-05 -1.3873313095610974e-04 1.</data></homography>
</opencv_storage>
