<?xml version="1.0"?>
<opencv_storage>
<homography type_id="opencv-matrix">
  <rows>3</rows>
  <cols>3</cols>
  <dt>d</dt>
  <data>
    -6.7122291521988331e-01 2.0647123823704226e-02
    5.3058195303782315e+02 2.3386664184325931e-02
    -6.3885393741992980e-01 4.4382580334371295e+02
    -1.8523160885644910e-05 1.1183601121933085e-04 1.</data></homography>
</opencv_storage>
