<?xml version="1.0"?>
<opencv_storage>
<homography type_id="opencv-matrix">
  <rows>3</rows>
  <cols>3</cols>
  <dt>d</dt>
  <data>
    -6.5524838205278879e-01 -6.7415491386620041e-03
    5.0043316109618110e+02 5.5843415126237660e-03
    -6.7584683803435697e-01 3.7080131926180826e+02
    -9.3636983469882879e-06 -5.5147504537833352e-05 1.</data></homography>
</opencv_storage>
