<?xml version="1.0"?>
<opencv_storage>
<homography type_id="opencv-matrix">
  <rows>3</rows>
  <cols>3</cols>
  <dt>d</dt>
  <data>
    -1.3310484046829039e+00 3.3490889971232213e-03
    9.8692429959446986e+02 -3.4206926885318313e-03
    -9.5284186899733270e-01 6.2288460068781376e+02
    -8.1309437296615372e-05 3.5150083737412018e-05 1.</data></homography>
</opencv_storage>
