<?xml version="1.0"?>
<opencv_storage>
<homography type_id="opencv-matrix">
  <rows>3</rows>
  <cols>3</cols>
  <dt>d</dt>
  <data>
    -1.1136186230693119e+00 1.2214002460566522e-02
    6.6572726417404101e+02 -2.1184789999297973e-02
    -1.1301643781137114e+00 5.4499793470395514e+02
    1.4911824517057126e-05 -6.0992432496712924e-05 1.</data></homography>
</opencv_storage>
