<?xml version="1.0"?>
<opencv_storage>
<homography type_id="opencv-matrix">
  <rows>3</rows>
  <cols>3</cols>
  <dt>d</dt>
  <data>
    -1.3697758495692092e+00 8.8162705476074715e-02
    1.0232675053602890e+03 7.2502569812806617e-02
    -9.7682683820849125e-01 6.3838636390344061e+02
    5.8381101788342216e-05 1.8504430909500861e-04 1.</data></homography>
</opencv_storage>
