<?xml version="1.0"?>
<opencv_storage>
<homography type_id="opencv-matrix">
  <rows>3</rows>
  <cols>3</cols>
  <dt>d</dt>
  <data>
    -6.5003259985089867e-01 2.0604496483703955e-01
    5.0373908569931797e+02 -3.6534813448360161e-02
    -1.1790835280981700e+00 5.7323754013970949e+02
    2.9323923006700276e-04 -2.7817481646537812e-04 1.</data></homography>
</opencv_storage>
